808
1138
1298
1447
2656
4163
5023
5544
5657
5692
5700
6240
7434
7967
9596
10396
10584
11064
11200
11762
12158
12752
12823
12905
14222
14511
14822
15159
15322
15428
15450
15576
15608
15782
16047
16545
17026
17628
17856
18448
19215
19528
19866
21312
21567
22125
22402
23163
23557
23667
23702
24167
24615
24790
25231
25961
26085
26138
26150
26350
26431
26671
26892
27115
27870
28409
29135
29449
29665
29719
30589
31154
32050
33504
33625
34740
35449
36261
36751
37375
37595
37977
38136
38779
38831
39538
40013
40149
40517
40559
40989
41341
41404
41440
41560
41953
42917
43225
43473
43766
44427
44484
45043
45498
45681
45970
46057
46381
46987
47659
48611
49819
49985
50213
51389
51619
52107
52420
52553
53292
53982
54430
55070
55427
55454
55669
56789
56790
57442
57979
58081
58097
58439
59618
59731
60066
60568
60784
61118
62017
62163
62532
63333
63468
64094
65008
65577
66219
66340
66575
66652
67207
67567
67738
67829
67879
68000
68020
68703
68832
68905
68967
69272
70074
70147
70968
71629
71636
71831
72346
72747
72842
73117
73264
73714
73739
74206
74737
75483
75826
76223
76741
76920
77253
77663
77677
79459
79989
80256
80591
80950
80968
83105
83307
83434
83721
84153
84417
84695
84713
85000
85346
85473
85607
87325
87486
87998
88675
90013
90830
92357
92725
93048
93070
93706
94140
94266
94545
94847
95004
95670
95765
95968
96161
96718
97436
97680
97873
98182
98289
98565
98582
99733
100119
100368
100431
100695
100705
101450
101578
102499
102646
103648
104120
104433
104724
105046
105573
105618
105699
105977
106914
107699
108170
109004
109424
109999
110032
110053
110816
111380
113194
113446
114006
114114
114170
114185
114890
115487
115594
116588
117305
117729
117945
117961
118464
118532
119633
121012
121754
122189
122876
123342
123466
124059
124166
125414
126486
127032
127180
127371
127868
127899
128672
128744
129015
130385
131118
133642
134889
135450
136285
136938
137348
137873
138228
138309
139081
139438
141204
141551
142029
142187
142774
143339
143344
143661
144656
145447
146047
146372
146924
147094
147310
147767
147905
148363
149089
149570
150029
150283
150836
151584
152793
153664
153868
153942
154005
154034
154361
154583
155496
155715
155856
156578
157213
158253
158972
159662
159820
159871
159913
160023
160145
160678
161756
162918
163145
163425
164566
164606
164658
165648
165768
166168
166217
166740
167889
167980
168083
168289
168372
168391
168962
169559
170015
171320
171403
171496
171951
172760
172775
173236
173238
173604
173615
175341
175716
176169
176492
177000
177486
177799
178150
178200
178405
178784
180106
180570
180589
181741
182441
183188
183533
183793
183869
184585
184635
184646
185897
186182
186218
187164
187539
189389
190750
191405
191612
191858
192225
192294
192335
192594
193540
194064
194531
194823
194855
194928
195263
195955
196351
196397
196764
196835
197454
197476
198061
198811
198883
198986
200948
201101
201465
202526
202598
202618
202820
202871
203095
205055
205752
206358
207266
207351
208328
208980
209485
210104
210466
212857
214146
217504
218019
218479
219126
219484
220105
220222
220316
221259
222161
222482
223137
223309
223767
223819
224405
225312
225363
225977
226154
227273
227513
227729
228195
228469
229454
229582
230606
230827
231154
231731
231993
232041
232218
232536
232665
232702
232778
232782
233164
233211
233524
233732
235019
235333
236203
236434
236984
237587
238425
238606
239175
239196
239715
240132
240933
241127
241469
241956
242107
242112
242126
242246
242346
242481
242502
243325
244104
244384
244403
244762
244870
245225
245278
245670
246165
246706
246839
247407
247946
248934
249602
250160
250572
251371
251406
253511
253636
253645
253658
253967
254742
255679
256791
256829
257580
258274
258746
259004
259333
259726
259858
259891
260031
260469
260544
260800
260981
261362
261972
262317
262629
262954
263517
264324
264638
265198
266081
266627
266786
267848
267873
267922
268032
268210
268951
270019
270243
270286
270838
272264
272390
272425
272831
272870
273185
273196
274053
275896
276121
276143
276170
276254
276647
277485
277565
277788
277899
278401
279294
279843
279845
280095
280422
281700
281864
283188
283219
283263
283430
285226
285285
285887
286114
286135
286234
287483
287860
287945
288074
288121
288124
289050
289255
289396
289456
289513
289565
289652
289742
289941
290361
290515
290693
291005
291196
291400
292209
292249
293267
293693
294062
294853
295374
296043
297140
298069
298534
299558
299625
299637
299792
301194
301643
302612
303093
303258
303472
303602
303708
303838
304571
305193
305244
305853
306327
306392
306457
306462
306812
307560
307869
308879
309010
310326
311197
311266
311672
312925
312993
313593
313611
314257
315086
315257
315410
317039
317209
317256
317340
317718
317812
318145
318978
319009
319100
319231
319391
320095
321784
322380
322986
323311
323345
323735
324414
324868
325116
325193
325625
326363
327049
327185
329429
330333
331016
331399
331570
332494
332699
333315
334034
335816
336778
336948
337168
337352
337370
337381
337418
337545
337900
338067
338201
338945
341651
341688
341871
341993
342723
343301
344497
344949
345000
346112
346554
347412
347948
348228
349252
350909
351608
351773
352716
352868
353201
354151
354842
355349
355560
357372
357821
358304
358701
358943
359068
359240
359358
359826
360292
360397
360642
360704
360922
361023
361204
361209
361319
362697
363984
366218
366290
366322
366406
367011
367162
368154
368262
368383
368487
368536
368608
369229
369818
370099
370413
370506
370710
370821
370858
370921
371812
372351
372853
373042
373236
373269
373283
373660
374077
374218
374294
374337
374724
375068
375151
375349
375992
378115
378772
379338
379488
380034
380884
380916
381625
382109
382630
382892
383291
383478
383688
383939
384742
385559
385780
385939
386023
386863
386941
386960
387078
387249
387603
387627
388963
389034
390575
390821
391711
392084
392225
392500
393063
395743
397236
397438
397474
397830
398231
398289
399064
401876
401877
402333
402643
402820
403343
403872
404344
404412
404507
404648
404719
405007
405267
405357
405522
406356
406594
407029
407439
407859
408960
409845
409942
410411
410719
410933
411392
412894
413406
413653
414071
414710
415738
415891
416238
416842
417152
418357
418529
418858
419695
420166
421405
422005
422635
423012
423765
423984
424035
424284
424563
424588
424880
424918
424975
425407
425636
425851
426835
427159
427289
428279
428300
428827
429397
429661
429784
430206
430365
430618
430619
430985
431106
432130
432142
432393
432416
432516
432716
432850
433678
434014
434188
434315
435005
435013
435146
435394
438367
438669
438764
439498
439596
439798
440065
440078
440168
441056
441425
441622
443193
443542
443587
443924
443942
444391
444440
444544
444746
445412
446064
446645
446741
446838
448097
449230
449744
449770
449854
449976
450425
450544
451612
452876
453463
454944
455303
456723
457057
457682
457965
458090
458144
458350
458742
459177
459332
459706
459968
461988
462278
463152
463345
463846
464632
464724
465827
465907
465989
466722
466864
467206
467291
467432
467531
467909
468376
469872
470568
470906
472505
473455
473731
473862
474441
475421
475500
475912
476156
476428
476474
477150
478397
478569
478688
479156
479767
480288
480309
480649
481252
481748
482428
482668
483162
483254
484096
484303
484881
485030
485182
485483
485791
486309
486465
486544
486718
486790
487357
487721
488048
488112
488137
488412
489530
490184
490679
490894
491062
492257
493784
494054
494702
495548
495830
496142
496566
497187
498657
499010
499430
499616
499628
499629
499669
499726
500470
500957
501205
501279
501352
501620
501846
502208
502711
503597
503645
503707
503751
504544
505051
505581
505882
507156
508041
508663
509621
509676
510201
510432
510826
511525
511916
512019
512189
512756
513173
513503
513764
514274
514291
516015
516231
516536
516692
516954
517754
518272
518276
518617
518752
519299
519310
520303
520417
520464
520556
523953
524378
524442
524783
524870
525047
525304
525528
525762
526062
526176
526497
526630
526702
527661
528003
528084
528466
528492
529149
529361
530051
530454
530580
531378
531595
532749
533440
533492
534143
534298
535106
535696
536297
536447
537016
537186
537897
538226
538324
538467
539113
539223
539507
539523
539595
539694
540052
540144
540224
540447
541853
542158
542175
542301
544366
544846
544906
545236
545532
545717
546107
546695
547127
547462
547500
547707
549258
549294
550478
550724
551135
551291
551304
551415
551834
552465
552771
554023
554222
554319
554697
554727
554760
554896
555092
555617
556022
556720
556926
557560
558869
559801
560644
561395
562181
562319
563449
564586
564711
565304
565987
566285
566382
566588
566748
566873
567191
567404
567495
567630
567921
568324
568664
569260
570971
572295
572505
572567
572905
573313
573506
573709
573782
574040
574405
575089
575415
575586
575761
575789
576343
576534
576622
576807
576861
576997
577100
577681
579341
580161
580293
580625
580803
580850
580874
581029
581163
581887
581956
582385
582433
583227
583322
583499
583525
583636
583732
584218
584541
584941
586324
587103
587182
587687
587982
588107
588277
588952
589741
590107
591011
591026
591222
591907
592071
592319
592395
592703
592829
593334
593899
594014
594039
594463
594597
594903
594919
594941
594994
595003
596238
596422
597252
597988
598353
598944
601839
602138
602797
603467
603762
603914
604028
604592
604793
604829
605347
607071
607142
607256
608163
608834
609293
609404
609628
609680
609801
610022
610047
611540
612777
612892
613000
613132
613269
613341
613621
613783
613815
613898
614295
614548
614994
615453
616398
617281
617881
618030
618123
618658
619040
619463
620287
620347
620528
620583
620603
620796
620810
621481
622067
622920
623007
623447
623508
623525
624422
625009
625633
625883
625909
626084
626151
626425
628422
629339
629718
629820
629844
629988
630330
630744
631062
631199
631710
632470
632706
632773
632996
633057
633176
633279
633693
634436
634616
635208
637627
638122
638152
638553
638808
639884
640004
640400
640570
640815
641328
642753
642941
643805
644427
644990
645199
645754
645758
646106
646295
647815
647874
648160
648341
648674
648715
649301
650172
650448
651790
651992
652179
653133
653327
653446
653757
653997
654344
655342
655716
655755
656149
656688
656721
656797
656955
657499
657967
658449
658858
659380
659861
659981
660480
661011
661223
661631
661768
662960
663187
664086
664284
664298
664514
664873
665280
665662
666919
667685
668166
668438
668455
668564
669294
670162
670525
671070
671076
671239
671342
671640
672018
672087
672230
672695
672810
673330
673521
673691
673878
673938
674735
674794
675006
675197
675764
676040
676600
676750
677223
677717
677784
678037
678070
678306
678807
679173
679350
679748
680435
680651
681084
681117
681231
681685
682108
682485
682745
684151
684161
684646
685220
685400
685925
687236
687737
688063
688472
690386
690587
690954
691046
691104
691504
691592
691862
691897
691930
692164
692717
692889
693055
693481
694633
694919
695204
695334
695439
695797
696154
696166
696462
696928
697065
697244
697325
697645
697790
698061
698096
699107
699211
699236
699304
699633
699697
700286
700448
700761
701233
701733
702088
702180
703691
703822
704169
705050
705875
708102
708142
708164
708843
708864
709918
710391
710748
711384
712414
712607
712882
712966
714600
714619
714927
715002
715164
715744
715931
716686
717800
717878
719127
719278
719410
720030
720139
720702
720707
720856
722957
723612
723836
723868
724991
725610
725615
725698
727720
728715
729626
730014
731138
732763
732775
733578
734787
734846
734965
735108
735417
735908
735965
736752
737011
737208
738016
738232
738378
738875
738896
739730
740333
740922
740933
741282
742514
743212
743607
743773
743775
744201
746318
746919
747727
747737
747957
747992
749138
749232
749305
749316
749339
749343
750133
750388
751055
751449
751600
751837
752049
752224
752225
752779
752915
753135
753384
753424
753858
754178
754338
754446
755244
755248
755303
755827
756322
756798
756852
757430
758268
758463
758545
759297
759671
759718
759883
759914
760709
760742
761146
761648
763628
763701
764418
766481
766557
766594
766743
766955
767153
767455
767491
767497
767506
767508
767573
767638
767691
767893
768609
769308
770063
770278
770376
771067
771466
771883
772507
773233
773958
774525
775411
776125
776172
776379
776542
776609
777206
777767
778400
779787
780601
781013
781934
782208
782806
782946
783041
783773
784357
784648
786921
786933
787037
787126
787421
787977
788027
788200
788314
788707
789603
789952
790370
790525
791378
791564
791669
792189
792313
792758
793029
793077
793292
793720
794176
794576
795042
795422
795495
795696
795916
797966
798342
799060
799130
799832
799872
800104
801333
802138
802889
803345
803401
804489
804706
804708
805190
806008
806459
806730
806762
807339
807453
807945
807975
808183
808299
808587
810248
811026
812004
812405
812907
813072
813543
814064
814573
814681
814748
815293
815416
815779
816504
817145
817297
817673
817877
818507
818764
819795
819929
820507
820521
820620
822300
823886
823934
824195
825252
825259
825617
825931
826036
826281
826482
827712
828156
828327
829474
829537
830867
831041
832179
832783
833504
834290
834312
834674
835348
835961
836189
836423
836456
837032
838265
838274
838546
838678
839118
839320
840858
840965
841096
841704
841711
842193
842642
843102
843304
843548
844437
844885
844905
845078
845795
845810
846847
847344
847349
847827
847928
848182
848359
848571
849349
849957
850986
851347
853983
854363
854420
854873
855552
855832
855834
856528
856549
856607
857088
857550
857925
858354
858844
858882
859397
859403
859669
860586
862330
862561
863042
864377
865047
865052
865307
865930
867304
868900
869129
869852
870261
871271
871344
871677
872281
872815
873127
873421
873755
874079
874519
874612
874651
875127
875234
875860
875943
876252
877883
877908
878826
879336
879486
879526
880873
882561
883056
883175
883520
883528
884431
884542
884957
885261
885357
886713
886856
887017
887407
887477
887636
887885
888972
889145
889148
889617
889896
890806
891647
893292
893497
893634
894244
894319
895364
896228
896391
897201
897351
897364
898503
898509
898574
898584
899455
899585
901059
901855
902161
902516
902722
903123
903539
903549
904542
905745
905818
906221
906606
907798
908012
908072
908352
908813
909044
909059
909230
909285
909765
910571
911314
911383
911841
912012
914279
914658
915797
916419
917010
917514
917890
918603
920436
920577
920861
920936
921232
921535
922240
922590
922667
922749
922779
922809
923346
923533
923783
924323
925074
925494
926000
926135
926231
926417
926624
926990
927112
927297
927302
928008
928225
928682
928789
928960
929367
929454
929763
930013
931229
931723
931758
931761
931780
932057
932927
932928
933382
933509
933865
933986
935170
936077
936642
936778
937004
937011
937254
937832
938467
939088
939333
940650
941630
942023
942603
943642
943805
943806
944494
944520
945064
945281
946006
946146
946540
946840
947956
948478
948818
948921
949125
949274
949298
949314
950118
950228
950531
950663
950965
951342
953181
953608
954786
955178
955337
955541
955971
956304
956425
957055
957580
957796
957901
958436
959002
960042
962248
962472
965011
965786
966358
966687
966852
966869
967011
967036
967073
967212
967324
968504
969035
969379
969438
969520
970301
970737
970804
971198
971545
972636
972666
972844
972939
972982
974315
975217
977008
977220
977313
977327
977955
978132
978626
978832
979243
980267
980826
980937
981257
981421
982140
982233
982516
982573
983547
985147
985438
985488
985779
986043
986066
986698
986800
986818
987028
987217
987233
987613
988388
988503
988545
988737
988846
989039
989096
990435
991576
992350
992656
993015
993345
993512
993871
994318
995211
995324
996340
997631
998057
998360
999607
999793
999996
1000394
1000407
1000479
1000565
1002114
1002537
1003160
1003512
1003669
1003923
1004160
1004336
1004584
1004973
1005909
1006075
1006511
1006937
1007944
1007974
1008562
1009347
1009687
1009892
1009965
1010023
1010287
1010481
1010601
1010658
1010721
1010830
1012057
1012252
1012923
1012975
1013612
1013905
1015194
1015316
1016193
1016366
1016711
1016870
1017708
1017931
1018121
1019047
1019633
1020214
1020479
1020514
1020555
1020559
1020945
1021732
1022416
1023366
1023603
1024060
1024104
1024424
1025173
1025348
1026251
1026734
1026777
1027305
1027823
1030568
1031336
1031447
1031677
1032301
1033829
1034359
1034416
1034952
1035688
1036104
1037116
1038830
1039014
1039613
1041100
1041950
1042299
1042325
1043439
1044577
1044719
1045325
1045626
1045747
1046371
1047150
1047900
1047914
1047981
1048066
1048423
1048669
1049568
1050074
1050151
1050308
1050701
1050774
1051341
1051518
1051641
1051748
1051802
1052731
1052740
1053103
1053213
1053339
1055333
1055532
1055539
1056073
1056324
1058573
1060004
1060191
1060197
1060631
1060696
1061041
1062826
1062869
1063239
1063245
1063289
1063469
1063503
1063541
1063554
1063584
1063921
1065332
1065620
1066340
1067046
1067135
1067572
1067677
1068004
1068637
1068700
1070274
1070992
1071288
1071331
1072821
1072888
1072959
1073079
1073113
1073921
1074000
1074840
1074858
1074937
1075008
1075152
1075659
1075660
1076089
1076305
1076600
1077039
1077083
1077585
1078664
1079843
1079859
1079991
1080376
1080944
1081895
1082027
1082308
1082583
1082599
1082651
1082680
1082923
1084092
1084434
1084806
1084959
1085400
1085697
1085828
1085844
1085853
1085883
1086055
1086679
1086821
1087966
1087967
1088499
1088706
1089045
1089885
1090169
1090232
1090983
1091164
1092799
1093098
1093519
1093780
1094206
1094573
1094730
1095116
1095360
1096433
1097324
1097541
1097696
1099173
1099387
1099763
1100053
1100543
1100829
1101172
1101372
1101597
1101724
1101745
1102665
1103008
1103176
1103319
1104480
1104636
1105105
1105410
1105517
1106765
1107048
1108404
1108464
1108570
1110225
1110797
1110882
1111144
1111321
1112022
1112362
1112663
1112681
1112943
1113722
1113764
1113846
1114135
1115686
1116734
1116949
1118100
1118294
1118302
1118462
1120218
1120739
1120920
1121545
1121668
1122113
1122491
1123267
1123296
1124108
1124233
1124533
1124585
1125096
1125274
1125815
1125885
1127403
1127701
1128110
1128809
1128860
1129205
1129285
1129976
1130436
1131117
1131346
1131955
1133123
1133580
1133880
1134338
1135908
1136197
1136986
1137180
1137278
1137293
1137422
1137468
1137517
1137546
1137906
1138774
1138783
1138806
1139384
1139913
1140803
1141266
1141335
1141415
1141601
1141890
1141996
1142143
1142152
1142623
1142760
1143318
1143897
1143975
1146577
1146778
1147153
1147374
1147456
1147476
1147749
1148144
1148972
1149026
1149168
1149236
1149411
1150184
1150443
1150487
1151666
1151685
1152186
1152829
1152979
1153181
1153301
1153512
1153627
1154574
1155251
1155328
1155895
1156800
1159532
1160140
1160672
1161187
1161271
1161345
1161963
1162031
1162034
1162716
1162829
1162944
1163096
1163341
1163665
1164374
1165844
1166116
1166198
1166699
1167723
1167779
1168051
1168354
1168763
1169736
1170235
1170404
1170867
1170958
1170999
1171115
1171478
1171604
1172595
1172687
1174237
1175009
1176863
1176958
1177400
1177516
1177578
1177678
1178372
1178960
1179369
1179478
1179694
1180927
1181233
1181376
1181391
1181458
1181527
1182277
1182310
1182627
1182909
1183174
1183448
1184776
1184972
1185117
1185189
1185370
1185982
1186203
1186454
1187670
1188334
1188783
1190609
1192393
1192562
1192778
1192959
1193064
1193084
1193143
1193333
1194384
1195141
1195353
1195488
1196115
1196958
1197045
1197277
1197916
1198249
1198308
1199263
1199314
1199320
1199489
1199769
1199909
1200115
1201004
1201406
1202314
1202341
1202407
1202740
1203985
1204505
1204555
1204621
1204628
1205000
1205136
1205215
1205773
1205813
1207366
1207606
1207675
1207838
1208566
1208741
1208847
1208851
1209507
1210171
1210888
1211435
1211484
1211993
1212151
1212644
1213273
1214048
1214081
1214488
1215716
1215767
1216475
1216896
1217611
1217789
1218325
1218375
1218515
1219576
1220250
1220897
1221081
1221321
1221629
1222460
1222794
1223254
1224272
1225060
1226179
1226535
1226688
1227644
1228217
1228859
1229688
1230689
1230831
1231214
1231264
1232001
1233181
1233304
1233349
1233527
1234358
1234804
1235047
1235314
1236415
1236813
1237213
1238355
1238434
1239376
1239427
1239441
1240814
1241371
1242201
1242419
1243759
1243887
1243933
1243948
1244458
1244776
1245202
1245245
1245262
1245375
1245822
1246002
1247643
1248089
1248101
1248878
1248910
1249293
1249398
1249443
1250563
1250976
1251263
1251276
1252057
1252744
1253513
1253657
1254065
1255437
1255488
1255566
1255695
1255783
1256164
1256542
1256734
1256930
1257034
1257249
1258186
1258759
1259028
1259110
1259638
1259776
1260018
1260135
1261062
1261452
1261768
1262205
1262231
1262357
1262648
1262759
1263545
1264657
1265398
1265465
1265624
1265655
1265890
1266507
1267206
1267286
1267734
1268213
1268272
1269268
1269309
1269376
1269705
1269813
1269830
1269862
1269907
1270366
1270665
1271937
1271968
1272747
1272912
1273146
1273471
1273819
1273996
1274507
1274745
1275000
1275088
1275779
1275935
1276436
1276740
1278235
1280281
1281093
1282869
1282978
1283454
1283457
1283464
1284054
1284150
1284375
1284493
1285658
1286844
1287213
1287833
1287845
1288182
1288316
1288380
1288840
1289043
1289160
1289863
1289921
1290322
1290561
1290594
1291529
1292299
1292761
1292972
1293723
1294152
1294178
1294918
1295423
1295499
1295796
1296108
1296245
1298236
1299276
1299818
1300315
1300362
1300606
1301186
1301626
1301829
1302145
1302296
1302424
1303337
1303347
1303374
1303706
1303862
1304306
1305051
1305167
1305653
1306560
1306615
1307459
1307551
1307899
1309219
1309584
1309700
1309832
1310598
1310645
1310679
1310916
1312027
1312127
1312527
1313249
1314361
1314751
1315053
1315122
1315886
1315963
1315997
1316479
1316697
1317385
1317711
1318215
1319135
1319941
1322106
1322198
1322239
1322688
1323552
1323622
1323725
1323803
1324498
1324517
1325270
1325399
1325471
1325705
1325883
1325919
1326053
1326290
1327797
1327890
1328583
1328679
1328956
1329086
1329121
1329140
1330547
1330645
1330908
1331370
1331961
1332771
1333161
1333378
1333883
1333915
1334458
1334845
1335695
1335729
1335730
1336249
1336697
1336787
1337562
1337769
1337984
1338752
1338762
1338789
1339185
1339630
1339791
1339878
1340206
1340718
1341545
1341952
1342195
1342934
1343344
1344736
1344928
1345179
1345383
1346078
1346852
1347028
1347058
1347671
1348119
1348640
1348874
1349328
1349800
1350419
1350611
1350687
1350926
1350968
1351748
1352239
1354712
1355350
1355742
1355963
1356732
1356812
1357303
1358264
1358318
1359044
1359116
1359327
1359641
1359882
1359954
1360006
1360046
1360324
1360438
1360518
1360764
1360930
1361347
1361804
1362039
1362461
1363104
1363242
1364284
1365025
1365536
1366145
1366714
1366861
1366866
1367734
1368074
1368659
1369496
1369675
1369931
1370210
1370452
1370464
1372067
1372887
1373462
1373495
1374539
1375034
1375305
1375412
1375533
1376788
1376992
1377530
1377728
1377825
1378124
1378352
1378410
1378605
1378701
1378782
1379071
1380185
1380410
1380429
1380833
1381900
1382290
1382312
1382640
1382851
1383226
1384201
1384385
1384606
1385290
1385595
1385882
1386549
1387500
1387662
1387898
1388733
1389443
1389590
1390648
1391006
1391078
1391650
1391784
1392231
1394576
1394946
1395110
1395520
1398052
1398094
1398529
1399465
1400143
1400467
1401174
1401410
1401501
1403295
1403463
1405008
1405821
1406584
1407077
1407211
1407373
1408281
1409173
1410208
1410378
1410755
1410964
1411264
1411320
1411464
1411541
1412227
1412834
1412895
1413020
1413441
1413580
1413887
1413974
1414330
1414388
1414801
1415084
1415464
1416446
1416534
1416629
1417171
1418743
1419184
1419278
1419405
1419954
1420571
1420913
1421277
1421924
1422191
1422454
1423559
1423576
1423671
1423767
1424854
1425503
1426370
1426987
1426990
1427069
1427070
1427112
1427131
1427180
1427545
1431000
1431412
1431956
1431983
1432125
1433069
1433286
1433730
1433757
1435199
1436117
1436548
1436957
1436967
1437288
1437736
1437810
1437819
1437957
1438074
1438204
1438434
1438775
1439514
1439863
1440408
1441162
1441218
1441413
1441792
1442098
1442113
1442456
1442693
1442872
1443006
1443138
1443186
1443430
1443554
1443643
1443763
1443926
1444932
1445777
1445802
1445933
1446329
1446907
1447510
1447813
1449412
1449473
1450586
1450655
1452672
1453433
1453884
1454066
1454420
1454876
1455019
1455147
1455235
1456508
1457459
1457481
1457490
1458286
1459381
1459586
1459683
1459926
1459957
1461334
1462100
1462518
1462655
1463470
1463895
1464270
1464336
1464343
1464806
1465249
1465652
1466705
1467686
1467862
1468059
1469356
1469574
1470601
1470747
1471007
1471079
1471373
1471750
1472130
1472220
1472288
1472297
1474380
1476049
1476614
1476837
1477350
1477479
1477958
1478334
1478582
1479331
1479386
1479666
1480730
1480869
1481419
1482679
1482782
1483873
1484067
1485027
1485289
1486474
1486790
1487228
1490067
1490551
1490709
1491416
1491628
1491859
1491860
1492536
1492606
1493099
1493539
1493642
1494188
1494315
1494870
1495351
1495984
1496082
1496358
1496829
1497004
1497015
1498082
1498338
1498958
1498999
1499141
1499188
1499345
1499686
1499727
1500114
1500749
1500784
1500786
1500824
1500861
1500884
1501179
1502339
1502523
1502793
1503034
1503066
1503808
1504509
1505337
1506365
1506492
1506781
1507422
1507954
1508018
1508460
1508502
1508632
1508690
1509246
1509470
1509567
1510275
1510908
1511001
1511091
1511196
1511886
1512063
1513086
1513193
1513323
1513687
1514525
1514866
1514983
1515030
1515184
1516889
1516947
1517098
1517384
1518113
1519089
1520336
1520417
1522539
1523588
1524310
1525730
1525865
1526011
1526747
1526902
1527342
1527819
1527977
1528192
1528592
1529300
1530305
1530790
1530868
1530987
1531484
1531739
1532225
1532635
1533122
1533157
1533207
1533619
1533763
1534024
1534075
1534463
1534495
1535517
1535601
1535688
1537040
1537730
1537900
1538141
1539154
1539992
1540004
1540488
1540971
1541667
1542660
1543789
1544379
1544674
1544688
1545192
1545415
1545609
1545617
1546834
1547973
1548504
1548773
1549424
1549690
1549695
1549844
1550292
1551004
1551162
1551440
1551834
1552325
1552504
1553301
1554112
1554769
1554932
1555665
1555670
1556597
1556982
1557062
1557381
1557614
1557643
1558042
1558371
1558380
1558496
1559124
1559561
1560044
1560056
1560539
1561376
1561413
1561535
1561645
1561661
1562264
1562310
1562314
1562485
1562692
1562761
1563072
1563077
1563081
1563664
1563743
1564603
1565495
1565757
1565922
1566010
1566690
1567206
1567951
1568649
1569029
1569073
1569498
1570662
1570840
1571084
1571426
1571543
1572067
1572324
1572815
1573220
1573417
1573786
1574039
1574592
1574918
1574948
1575004
1575513
1575807
1575819
1576065
1576979
1577089
1577679
1577763
1578471
1578915
1579045
1579589
1579906
1580494
1580723
1581301
1581840
1582943
1585168
1585700
1585915
1585937
1586045
1586840
1587241
1587270
1587670
1587727
1587938
1588155
1588280
1588757
1590061
1591773
1592019
1592112
1592396
1592526
1592998
1593158
1593409
1593813
1595269
1595519
1595984
1596551
1596703
1596787
1597480
1597597
1597727
1598152
1598489
1598642
1600050
1600187
1600444
1600490
1601165
1601429
1601601
1602637
1602847
1602938
1602939
1603601
1603879
1604872
1605056
1605617
1606142
1606185
1606287
1606341
1607105
1607423
1607457
1607856
1608126
1609621
1610345
1610822
1610829
1610972
1611108
1611116
1611808
1612387
1613387
1613432
1613794
1613804
1613816
1614037
1614471
1615487
1616079
1616098
1616344
1617359
1617828
1618119
1618646
1619508
1619534
1620796
1620924
1621735
1622041
1622202
1622314
1623207
1623346
1624438
1624595
1624761
1624921
1625364
1626059
1626570
1627236
1627585
1627645
1628232
1628808
1629848
1629900
1630116
1631715
1631904
1631985
1632323
1632930
1632976
1633318
1633882
1633963
1634331
1634405
1634440
1634703
1634744
1635108
1635946
1635996
1636479
1636779
1636947
1637472
1637488
1637501
1637705
1637951
1637956
1638182
1638384
1638997
1639677
1641153
1641751
1641782
1642339
1642881
1642941
1643256
1644399
1644461
1644811
1645071
1645771
1646187
1646229
1646734
1646784
1647264
1647538
1647637
1647658
1647958
1649069
1649457
1649654
1650358
1652660
1652698
1654388
1654623
1654924
1654980
1655106
1656702
1657038
1657486
1657656
1658588
1658632
1658706
1659135
1659939
1661344
1662076
1662174
1663361
1663371
1663392
1664832
1664981
1665637
1666082
1666470
1666889
1667265
1669621
1670036
1670722
1671112
1671361
1672099
1672407
1672974
1673114
1674479
1674523
1674643
1674750
1674923
1675091
1676062
1677189
1677282
1677605
1677636
1678003
1678501
1678996
1679113
1680047
1680324
1680637
1681583
1682072
1682091
1682170
1682404
1682412
1684070
1684514
1684658
1685033
1685297
1685713
1685764
1685820
1686409
1686466
1686487
1687201
1687903
1688839
1689159
1689370
1690035
1690560
1690934
1692478
1693158
1695436
1695523
1696365
1696382
1696862
1697342
1698258
1698702
1699230
1699532
1699566
1700281
1700532
1700560
1700879
1701619
1701713
1701785
1702379
1702414
1702503
1702715
1703027
1703249
1705048
1707118
1707431
1708837
1709132
1710487
1710635
1710698
1710743
1711755
1712217
1712443
1712515
1712655
1712725
1713640
1713813
1713880
1715126
1715557
1715563
1715676
1715843
1716193
1716321
1717211
1717804
1718046
1718117
1718575
1719622
1719642
1719807
1720190
1720271
1720368
1721778
1722043
1722481
1723565
1723566
1723806
1724303
1724454
1724781
1724893
1725430
1725439
1725882
1726027
1726434
1726504
1727137
1727744
1728528
1728904
1729007
1729066
1730466
1730802
1731108
1731265
1731693
1733102
1733439
1733754
1733997
1734149
1734197
1734629
1734805
1735101
1735164
1735771
1736038
1736097
1736410
1736788
1737434
1737734
1737814
1738293
1738333
1739360
1739548
1740467
1742046
1742980
1743260
1743548
1743718
1744091
1744514
1744693
1745033
1747205
1747216
1748045
1748317
1748364
1751023
1751195
1751499
1751860
1751869
1751878
1751905
1752044
1752352
1752875
1752964
1753224
1753386
1753896
1754098
1754254
1755190
1755883
1756479
1757033
1757064
1757238
1758344
1758350
1758708
1759298
1759705
1760200
1760618
1760710
1760839
1761324
1761337
1761859
1762005
1762187
1762381
1763129
1763369
1763602
1763722
1764332
1765098
1766472
1767530
1768287
1768555
1769689
1769702
1769940
1769941
1770225
1770308
1770945
1771135
1771667
1772411
1773056
1773566
1774039
1774204
1774567
1775009
1775365
1775394
1775445
1776252
1776709
1776765
1776975
1777443
1777776
1779405
1780848
1781073
1781589
1781706
1782211
1782220
1782406
1783002
1783568
1783693
1784085
1784673
1785507
1785549
1785552
1786588
1787414
1787907
1789967
1790492
1790718
1791088
1791272
1791413
1791653
1791990
1792810
1793490
1795293
1795822
1797517
1797744
1797952
1797999
1798282
1798570
1798740
1798865
1799005
1799325
1800017
1800056
1800177
1801079
1803731
1804350
1804832
1805051
1805205
1805811
1806410
1807001
1807412
1807533
1807975
1808566
1809574
1810222
1810447
1810595
1810956
1811666
1812036
1812074
1812086
1812593
1813680
1814062
1814626
1814852
1814982
1815229
1816217
1816467
1817130
1817187
1817249
1817472
1817526
1817922
1818014
1818112
1818867
1819193
1819640
1821356
1822322
1822709
1822851
1822874
1823034
1823716
1823848
1823863
1823928
1825226
1825948
1826360
1826662
1826692
1826873
1827467
1827801
1827925
1828925
1829286
1829800
1830446
1830684
1830937
1831411
1832480
1832536
1832583
1833338
1833492
1833528
1833560
1834398
1835117
1835164
1835905
1836492
1836515
1836613
1836636
1837120
1837358
1837593
1837902
1839045
1839397
1840143
1840819
1840942
1841321
1841702
1841713
1842434
1842683
1842984
1844791
1845110
1845156
1846361
1846521
1846894
1846971
1847205
1847633
1847869
1847898
1849255
1849530
1849751
1849906
1850775
1851460
1853234
1853261
1854258
1854375
1855544
1856709
1857366
1857440
1857707
1857792
1858029
1858499
1859213
1860218
1860404
1860598
1860700
1861073
1861627
1861669
1862034
1862855
1863265
1863981
1864714
1865873
1865902
1866159
1866634
1866772
1866782
1867020
1867048
1867511
1869325
1870094
1870143
1870508
1870720
1871275
1871354
1871441
1872770
1873311
1874224
1874871
1874950
1877720
1877823
1877913
1880081
1881343
1881702
1881725
1882537
1882608
1882857
1883320
1883406
1883491
1883959
1884603
1884873
1884920
1886249
1886738
1887254
1887458
1887797
1888068
1888561
1888658
1888939
1889067
1889538
1890339
1890509
1891143
1892013
1892619
1893241
1893247
1893313
1893674
1893681
1893721
1893797
1894102
1894128
1894692
1894824
1894848
1895502
1895832
1896372
1897815
1898015
1899039
1899424
1899743
1899877
1899980
1900335
1900738
1901002
1902402
1902579
1902588
1902961
1903340
1903363
1903596
1903884
1903988
1904305
1904451
1904804
1905198
1905463
1905467
1905853
1906111
1906228
1907184
1907358
1908201
1908665
1909025
1909969
1911254
1911372
1911456
1911713
1911877
1912048
1912515
1912626
1912873
1913204
1913248
1914222
1914742
1914770
1915380
1915903
1916104
1916321
1917569
1918332
1918496
1918709
1918941
1918999
1919446
1919509
1919758
1920511
1920637
1920802
1922641
1922852
1922910
1923125
1923299
1923967
1924471
1924926
1925059
1925215
1925654
1926046
1926079
1927434
1928420
1928563
1929190
1929224
1929340
1929539
1930060
1930579
1931448
1931492
1931596
1932139
1932200
1932215
1932401
1933025
1933146
1933825
1933942
1934791
1935361
1935958
1936078
1936167
1936243
1936676
1936941
1937319
1938327
1938681
1939226
1940826
1941210
1941618
1941716
1942130
1942275
1942522
1942567
1942664
1942700
1943072
1944947
1945299
1945410
1946000
1946221
1946335
1946414
1949022
1949136
1949566
1949621
1949667
1950381
1950859
1951253
1951358
1951492
1951724
1951774
1952618
1952711
1953050
1953820
1953851
1954423
1954510
1954644
1955137
1955330
1956132
1956681
1956798
1957074
1957155
1957449
1957475
1958227
1958420
1958427
1958593
1958910
1959149
1959475
1960200
1960631
1960992
1961288
1961843
1962324
1962568
1963237
1963896
1963932
1964028
1966377
1967373
1967484
1967583
1967795
1967801
1968076
1968225
1968710
1969875
1969994
1970175
1970351
1970513
1970636
1971245
1971676
1972292
1973251
1973835
1975710
1975956
1976180
1976330
1976714
1976760
1977250
1977728
1977809
1977874
1977901
1978597
1979451
1980233
1980298
1980582
1980693
1981712
1981941
1981945
1982568
1983587
1984112
1984810
1985287
1985817
1985938
1986845
1987916
1988512
1988887
1989438
1989784
1990935
1991090
1991443
1991775
1992770
1992830
1993544
1993658
1994069
1994083
1994490
1995941
1997073
1997103
1997341
1997346
1998178
1998474
1998680
1998959
1999852
